topics:
  img_topic: "/color/video/image"
  base_frame: "checkerboard"
  dice_detection_mask_topic: "/dice_detection_mask"
  dice_detection_img_topic: "/dice_detection_img"
  dice_detection_srv_topic: "/dice_detection_pose"

detector:
  die_size: 0.03

  # Color detection parameters
  hue_range: [20, 40] # Yellow color range in HSV
  saturation_range: [130, 255]
  value_range: [150, 255]

  # Parameters for the blobs/dice points detector
  min_point_area: 50
  max_point_area: 400
  min_inertia_ratio: 0.7
  min_circularity: 0.85
  dbscan_eps: 80.0

robot:
  robot_id: 1
  robot_name: "ur10e"
  robot_ip: "192.168.254.100"

camera:
  1: # ROBOT 1, black bar
    K: [1578.55692, 0.0, 952.440456, 0.0, 1582.46225, 545.655012, 0.0, 0.0, 1.0]
    d: [0.07206577, 0.08106335, 0.00300317, 0.00042163, -0.40383728]
    T_w2c: [0.998855, -0.019105, 0.043869, -0.236381, 0.020615, 0.999201, -0.034238, -0.214228, -0.043180, 0.035103, 0.998450, 0.742136, 0.0, 0.0, 0.0, 1.0]
    T_c2w: [0.9988541978514052, 0.020615322880490176, -0.04317983612675755, 0.27257184439612203, -0.01910465187788286, 0.9992011410931421, 0.0351031605408161, 0.18348956618743673, 0.04386915204376083, -0.03423785669168512, 0.99845086727586, -0.7379512063707276, 0.0, 0.0, 0.0, 1.0]
      
  2: # ROBOT 2, radhand
    K: [1545.88237, 0.0, 946.934926, 0.0, 1555.02898, 544.959477, 0.0, 0.0, 1.0]
    d: [0.13503889, -0.28098708, 0.0003601, -0.00038133, 0.13643112]
    T_w2c: [0.999831, -0.015292, -0.010167, -0.062168, 0.015271, 0.999881, -0.002154, -0.071062, 0.010198, 0.001998, 0.999946, 0.717149, 0.0, 0.0, 0.0, 1.0]
    T_c2w: [0.9998317634641135, 0.015270867490153321, 0.010198733719334278, 0.055928707768535424, -0.01529214879180274, 0.9998811455605044, 0.0019983766231087157, 0.06866973786284598, -0.010166279589618845, -0.002153611130495518, 0.9999459976409099, -0.7178953294458637, 0.0, 0.0, 0.0, 1.0]